match
8,2,3
10;3;2,8;2;0,2;5;3
1,4,10
9;4;10,5;1;2,2;2;8
red
match
2,4,10
5;2;4,8;4;4,4;4;3
13,22,1
4;4;10,5;1;4,12;2;3
blue
match
3,4,5
15;5;3,10;2;6,4;1;5
9,11,7
3;5;2,6;3;4,4;4;2
red
match
1,5,6
20;4;2,15;3;3,8;2;8
10,12,11
4;1;6,3;2;2,5;3;9
blue
match
4,5,6
7;1;2,12;5;1,3;3;4
11,8,5
2;3;2,6;0;3,3;4;4
red
match
3,2,1
5;6;1,7;4;3,4;2;5
8,9,10
2;1;4,1;3;2,2;1;6
blue
match
5,6,7
12;2;4,18;1;2,7;2;5
10,13,15
4;3;1,2;5;3,3;2;4
red
match
8,9,10
6;5;0,10;2;1,4;6;4
12,14,16
1;3;2,0;2;0,0;0;15
blue
match
11,12,13
9;1;3,5;2;4,7;0;5
15,18,21
4;2;1,3;3;2,2;1;5
red
match
14,15,16
8;4;2,11;5;1,1;3;7
10,17,20
3;2;2,0;0;1,3;4;5
blue
match
17,18,19
4;1;2,7;2;0,6;3;4
9,20,15
2;2;1,3;3;4,4;1;6
red
match
20,21,22
11;3;1,10;4;2,9;2;3
12,23,24
4;5;0,3;2;2,5;3;4
blue
match
23,24,25
13;1;3,12;2;2,14;1;4
8,10,15
3;4;1,2;0;3,4;2;5
red
match
1,3,5
14;3;2,9;1;1,8;2;3
15,20,17
4;1;0,2;3;1,3;4;5
blue
match
2,4,6
11;2;4,10;1;3,7;2;2
12,14,16
5;4;2,2;1;0,1;0;9
red
match
7,8,9
6;2;5,3;5;2,9;0;4
10,13,15
4;4;3,1;2;1,5;3;4
blue
match
10,11,12
12;5;3,8;3;1,10;4;4
20,21,22
3;1;2,4;5;3,5;2;1
red
match
1,7,13
8;2;4,11;5;3,9;1;0
15,18,21
5;3;2,2;4;1,3;4;2
blue
match
4,14,24
3;1;1,7;4;5,5;3;3
12,13,15
2;2;3,4;1;1,5;3;0
red
match
6,8,9
10;2;2,15;3;5,8;2;1
5,20,21
1;1;2,2;4;3,4;2;2
blue
match
1,14,16
9;3;2,6;1;0,0;0;7
11,15,18
5;1;2,1;2;4,3;2;1
red


